function mpc = /Users/pekap/Desktop/matlab/OOP_grid/code/logs/opf_solved_case

%% MATPOWER Case Format : Version 2
mpc.version = '2';

%%-----  Power Flow Data  -----%%
%% system MVA base
mpc.baseMVA = 100;

%% bus data
%	bus_i	type	Pd	Qd	Gs	Bs	area	Vm	Va	baseKV	zone	Vmax	Vmin	lam_P	lam_Q	mu_Vmax	mu_Vmin
mpc.bus = [
	1	1	90	49	0	0	1	1.0284	26.181186	115	1	1.06	0.94	40.0262	0.0000	0.0000	0.0000;
	2	1	56	15	0	0	1	1.0354	27.874853	115	1	1.06	0.94	40.0262	0.0000	0.0000	0.0000;
	3	1	20	0	0	0	1	0.9971	26.875345	230	1	1.06	0.94	40.0262	0.0000	0.0000	0.0000;
	4	1	0	0	0	0	1	1.0308	24.574153	345	1	1.06	0.94	40.0262	0.0000	0.0000	0.0000;
	5	1	353	130	0	0	1	1.0191	24.802962	115	1	1.06	0.94	40.0262	0.0000	0.0000	0.0000;
	6	1	120	41	0	0	1	1.0312	27.111065	115	1	1.06	0.94	40.0262	0.0000	0.0000	0.0000;
	7	1	0	0	0	0	1	0.9934	26.482757	230	1	1.06	0.94	40.0262	0.0000	0.0000	0.0000;
	8	2	63	14	0	0	1	1.0153	21.901198	115	1	1.06	0.94	40.0262	0.0000	0.0000	0.0000;
	9	1	96	43	0	0	1	1.0034	22.757836	115	1	1.06	0.94	40.0262	0.0000	0.0000	0.0000;
	10	2	153	33	0	0	1	1.0205	21.442829	230	1	1.06	0.94	40.0262	0.0000	0.0000	0.0000;
	11	1	83	21	0	0	1	1.0057	22.338859	115	1	1.06	0.94	40.0262	0.0000	0.0000	0.0000;
	12	1	0	0	0	0	1	0.9974	25.515631	230	1	1.06	0.94	40.0262	0.0000	0.0000	0.0000;
	13	1	58	10	0	0	1	0.9977	19.456123	115	1	1.06	0.94	40.0262	0.0000	0.0000	0.0000;
	14	1	160	60	0	0	1	0.9991	13.784475	115	1	1.06	0.94	40.0262	0.0000	0.0000	0.0000;
	15	1	126.7	23	0	0	1	1.0343	9.5180293	115	1	1.06	0.94	40.0262	0.0000	0.0000	0.0000;
	16	1	0	0	0	0	1	1.0315	15.829623	345	1	1.06	0.94	40.0262	0.0000	0.0000	0.0000;
	17	1	561	220	0	0	1	1.0649	5.409541	115	1	1.06	0.94	40.0262	0.0000	0.0000	0.0000;
	18	1	0	0	0	0	1	0.982	21.145759	230	1	1.06	0.94	40.0262	0.0000	0.0000	0.0000;
	19	2	605	120	0	0	1	1.001	17.703259	115	1	1.06	0.94	40.0262	0.0000	0.0000	0.0000;
	20	1	77	1	0	0	1	0.9752	21.855145	230	1	1.06	0.94	40.0262	0.0000	0.0000	0.0000;
	21	1	81	23	0	0	1	0.9963	18.053059	115	1	1.06	0.94	40.0262	0.0000	0.0000	0.0000;
	22	1	21	7	0	0	1	1.0501	24.381121	115	1	1.06	0.94	40.0262	0.0000	0.0000	0.0000;
	23	1	0	0	0	0	1	1.0057	26.48115	230	1	1.06	0.94	40.0262	0.0000	0.0000	0.0000;
	24	1	45	12	0	0	1	1.0234	21.654748	115	1	1.06	0.94	40.0262	0.0000	0.0000	0.0000;
	25	1	28	9	0	0	1	0.9986	18.521951	115	1	1.06	0.94	40.0262	0.0000	0.0000	0.0000;
	26	1	69	13	0	0	1	0.975	15.317233	115	1	1.06	0.94	40.0262	0.0000	0.0000	0.0000;
	27	1	55	6	0	0	1	1.0244	2.1532764	115	1	1.06	0.94	40.0262	0.0000	0.0000	0.0000;
	28	1	0	0	0	0	1	1.0414	8.5466055	345	1	1.06	0.94	40.0262	0.0000	0.0000	0.0000;
	29	1	0	0	0	0	1	0.9757	-7.126003	115	1	1.06	0.94	40.0262	0.0000	0.0000	0.0000;
	30	1	0	0	0	0	1	1.0011	-4.1693285	230	1	1.06	0.94	40.0262	0.0000	0.0000	0.0000;
	31	1	85	32	0	0	1	1.0201	1.5033389	115	1	1.06	0.94	40.0262	0.0000	0.0000	0.0000;
	32	1	155	18	0	0	1	1.0202	1.3903336	115	1	1.06	0.94	40.0262	0.0000	0.0000	0.0000;
	33	1	0	0	0	0	1	1.0535	11.19432	345	1	1.06	0.94	40.0262	0.0000	0.0000	0.0000;
	34	1	46	-21	0	0	1	1.0216	1.2256699	115	1	1.06	0.94	40.0262	0.0000	0.0000	0.0000;
	35	1	86	0	0	0	1	1.0292	3.253916	115	1	1.06	0.94	40.0262	0.0000	0.0000	0.0000;
	36	1	0	0	0	0	1	1.0448	9.3584568	345	1	1.06	0.94	40.0262	0.0000	0.0000	0.0000;
	37	1	39	9	0	0	1	1.0006	-1.0057829	115	1	1.06	0.94	40.0262	0.0000	0.0000	0.0000;
	38	1	195	29	0	0	1	1.0086	-0.32299112	115	1	1.06	0.94	40.0262	0.0000	0.0000	0.0000;
	39	1	0	0	0	0	1	1.0215	2.8481145	230	1	1.06	0.94	40.0262	0.0000	0.0000	0.0000;
	40	1	0	0	0	0	1	1.0344	5.592251	345	1	1.06	0.94	40.0262	0.0000	0.0000	0.0000;
	41	1	58	11.8	0	0	1	0.9777	-5.5045527	115	1	1.06	0.94	40.0262	0.0000	0.0000	0.0000;
	42	1	41	19	0	0	1	1.0019	-0.30954916	115	1	1.06	0.94	40.0262	0.0000	0.0000	0.0000;
	43	1	92	26	0	0	1	1.0475	-0.009293478	115	1	1.06	0.94	40.0262	0.0000	0.0000	0.0000;
	44	1	-5	5	0	0	1	1.0253	1.513817	115	1	1.06	0.94	40.0262	0.0000	0.0000	0.0000;
	45	1	61	28	0	0	1	0.9979	0.83658259	115	1	1.06	0.94	40.0262	0.0000	0.0000	0.0000;
	46	1	69	3	0	0	1	0.9959	-1.6819187	115	1	1.06	0.94	40.0262	0.0000	0.0000	0.0000;
	47	1	10	1	0	0	1	1.005	-0.061517815	115	1	1.06	0.94	40.0262	0.0000	0.0000	0.0000;
	48	1	22	10	0	0	1	1.015	3.1355639	115	1	1.06	0.94	40.0262	0.0000	0.0000	0.0000;
	49	1	98	20	0	0	1	1.0335	11.005068	115	1	1.06	0.94	40.0262	0.0000	0.0000	0.0000;
	50	1	14	1	0	0	1	0.9918	12.78557	115	1	1.06	0.94	40.0262	0.0000	0.0000	0.0000;
	51	1	218	106	0	0	1	0.9789	13.57279	115	1	1.06	0.94	40.0262	0.0000	0.0000	0.0000;
	52	1	0	0	0	0	1	1.0246	9.0491505	230	1	1.06	0.94	40.0262	0.0000	0.0000	0.0000;
	53	1	227	110	0	0	1	0.9906	15.590162	115	1	1.06	0.94	40.0262	0.0000	0.0000	0.0000;
	54	1	0	0	0	0	1	1.016	18.880061	230	1	1.06	0.94	40.0262	0.0000	0.0000	0.0000;
	55	2	70	30	0	0	1	0.9583	3.3780891	115	1	1.06	0.94	40.0262	0.0000	0.0000	0.0000;
	56	1	0	0	0	0	1	0.948	7.4974942	230	1	1.06	0.94	40.0262	0.0000	0.0000	0.0000;
	57	1	0	0	0	0	1	0.963	-7.726146	115	1	1.06	0.94	40.0262	0.0000	0.0000	0.0000;
	58	1	56	20	0	0	1	0.9513	-15.46921	115	1	1.06	0.94	40.0262	0.0000	0.0000	0.0000;
	59	1	116	38	0	0	1	0.9793	-10.650635	115	1	1.06	0.94	40.0262	0.0000	0.0000	0.0000;
	60	1	57	19	0	0	1	0.9696	-8.7424935	115	1	1.06	0.94	40.0262	0.0000	0.0000	0.0000;
	61	1	224	71	0	0	1	0.9775	-7.3308836	115	1	1.06	0.94	40.0262	0.0000	0.0000	0.0000;
	62	1	0	0	0	0	1	0.9964	-3.8134696	230	1	1.06	0.94	40.0262	0.0000	0.0000	0.0000;
	63	2	208	107	0	0	1	0.9632	-8.0379461	115	1	1.06	0.94	40.0262	0.0000	0.0000	0.0000;
	64	1	74	28	0	0	1	0.9837	-6.2800052	115	1	1.06	0.94	40.0262	0.0000	0.0000	0.0000;
	65	1	0	0	0	0	1	0.99	-5.3955871	115	1	1.06	0.94	40.0262	0.0000	0.0000	0.0000;
	66	1	48	14	0	0	1	0.982	-6.4194119	115	1	1.06	0.94	40.0262	0.0000	0.0000	0.0000;
	67	1	28	7	0	0	1	0.9872	-6.0031751	115	1	1.06	0.94	40.0262	0.0000	0.0000	0.0000;
	68	1	0	0	0	0	1	1.034	-0.21809371	345	1	1.06	0.94	40.0262	0.0000	0.0000	0.0000;
	69	2	37	13	0	0	1	1.025	1.5862716	115	1	1.06	0.94	40.0262	0.0000	0.0000	0.0000;
	70	1	0	0	0	0	1	0.9872	0.64179919	230	1	1.06	0.94	40.0262	0.0000	0.0000	0.0000;
	71	1	0	0	0	0	1	0.9909	4.2426927	230	1	1.06	0.94	40.0262	0.0000	0.0000	0.0000;
	72	1	0	0	0	0	1	0.9921	11.349935	230	1	1.06	0.94	40.0262	0.0000	0.0000	0.0000;
	73	1	0	0	0	0	1	1.0151	-2.4708133	230	1	1.06	0.94	40.0262	0.0000	0.0000	0.0000;
	74	1	44.2	0	0	0	1	1.0317	5.7456657	115	1	1.06	0.94	40.0262	0.0000	0.0000	0.0000;
	75	1	66	0	0	0	1	1.0272	3.9101602	115	1	1.06	0.94	40.0262	0.0000	0.0000	0.0000;
	76	2	17.4	0	0	0	1	1.052	8.9367299	115	1	1.06	0.94	40.0262	0.0000	0.0000	0.0000;
	77	2	15.8	0	0	0	1	1.052	11.099473	115	1	1.06	0.94	40.0262	0.0000	0.0000	0.0000;
	78	1	60.3	0	0	0	1	0.993	9.2327472	115	1	1.06	0.94	40.0262	0.0000	0.0000	0.0000;
	79	1	39.9	0	0	0	1	1.0183	4.8318934	115	1	1.06	0.94	40.0262	0.0000	0.0000	0.0000;
	80	2	66.7	0	0	0	1	1	3.3850894	115	1	1.06	0.94	40.0262	0.0000	0.0000	0.0000;
	81	1	83.5	0	0	0	1	0.9894	-2.058871	115	1	1.06	0.94	40.0262	0.0000	0.0000	0.0000;
	82	1	0	0	0	0	1	1.006	3.6090751	115	1	1.06	0.94	40.0262	0.0000	0.0000	0.0000;
	83	1	77.8	0	0	0	1	1.0008	2.8653291	115	1	1.06	0.94	40.0262	0.0000	0.0000	0.0000;
	84	1	32	0	0	0	1	1.0288	5.2824079	115	1	1.06	0.94	40.0262	0.0000	0.0000	0.0000;
	85	1	8.6	0	0	0	1	0.9958	0.98613155	115	1	1.06	0.94	40.0262	0.0000	0.0000	0.0000;
	86	1	49.6	0	0	0	1	1.0223	4.1435366	115	1	1.06	0.94	40.0262	0.0000	0.0000	0.0000;
	87	1	4.6	0	0	0	1	1.0095	0.69359197	115	1	1.06	0.94	40.0262	0.0000	0.0000	0.0000;
	88	2	112.1	0	0	0	1	0.99	-2.0116588	115	1	1.06	0.94	40.0262	0.0000	0.0000	0.0000;
	89	1	30.7	0	0	0	1	0.9749	-7.6078645	115	1	1.06	0.94	40.0262	0.0000	0.0000	0.0000;
	90	1	63	0	0	0	1	0.973	-6.3981726	115	1	1.06	0.94	40.0262	0.0000	0.0000	0.0000;
	91	1	19.6	0	0	0	1	0.9725	-9.8814745	115	1	1.06	0.94	40.0262	0.0000	0.0000	0.0000;
	92	1	26.2	0	0	0	1	0.97	-7.3758344	115	1	1.06	0.94	40.0262	0.0000	0.0000	0.0000;
	93	1	18.2	0	0	0	1	0.9747	-9.7719411	115	1	1.06	0.94	40.0262	0.0000	0.0000	0.0000;
	94	1	0	0	0	0	1	0.9603	8.3664126	115	2	1.06	0.94	40.0262	0.0000	0.0000	0.0000;
	95	1	0	0	0	0	1	1.0249	9.5151725	115	2	1.06	0.94	40.0262	0.0000	0.0000	0.0000;
